22479	1	5	-1	10	15203.1	1,6,4,8,5,2
236689	0	5	-1	9	9674	1,4,8
495963	0	5	-1	-1	7210.5	1,4
569249	0	5	-1	9	6581.6	1,6,4,8,5,2
657952	0	5	-1	-1	9210.1	1,4,5
937371	0	4	-1	9	7607.5	1,6,4,8,5,2
1044636	0	4	-1	2	9670.9	-1
1132823	0	4	4	8	13620	1,6,4,5,2
1206718	0	6	-1	9	9287.9	1,6,4,5,2
1340286	1	5	-1	8	12554.9	1,4,5,2
10058307	0	3	-1	8	8084.1	1,6,4,8,2,10
10200149	0	3	-1	9	6553.5	1,6,4,5,2
10210044	0	5	-1	-1	8242.7	1,6,4,8,5,2
10376162	0	7	-1	9	8247.7	1,5,2
10397464	1	4	-1	2	10328.9	1,6,4,5,2
10804266	0	4	-1	9	10137.9	1,4,5,2,10
10954379	0	5	-1	-1	8577.8	1,6,4,5,2
10974942	0	4	-1	9	19280.8	1,6,4,8,5,2
11024450	1	3	-1	2	8598.8	1,6,4,5,2,10
11324359	0	4	-1	9	8792	1,6,4,8,5,2,10
11481629	0	4	-1	-1	10055.2	1,4,8,2
11594649	0	6	-1	9	10937.7	1,4,5,2
12001936	0	4	-1	9	10614.8	1,6,4,5
12007943	0	5	-1	-1	5739.8	1,6,4,8,5,2
12081324	0	4	-1	8	9033.7	1,6,4,5,2
12313922	0	6	-1	9	9113.2	1,2
12321589	-1	-1	-1	-1	-1	-1
12335362	1	4	-1	9	9998.3	1,6,4,5,2
12365911	0	4	-1	-1	7300	1,4,8,5,2
12526410	0	3	3	10	10127.7	1,4,5,2
12606293	1	6	-1	-1	10864.4	1,5,2
12659605	0	4	-1	9	8725.7	1,6,4,8,5,2
12681521	0	4	-1	9	9544.6	1,6,4,5,2
12801824	0	5	-1	5	7372.5	1,4,5,2,10
12911523	1	4	-1	9	8292.8	1,5,2
12925664	0	5	-1	10	11755	1,6,4,8,5,2
12955656	0	4	-1	9	10035.2	1,6,4,5,2
13033104	0	4	-1	2	8399.8	1,6,4,5
13098207	0	4	-1	9	9724.9	1,4,8,5
13335879	1	4	-1	9	8657.9	1,6,4,5,2
13689988	0	3	-1	2	7486.7	1,6,4,5,2
13786893	0	3	-1	9	12483.4	1,6,4,8,5,2
13862682	0	4	-1	7	10387.5	1,6,4,5,2
14003138	1	3	-1	9	9151.5	1,6,4,5,2
14146805	0	4	-1	9	8440.7	1,6,4,5,2
14414145	0	5	-1	10	9536.1	1,6,4,8,5,2,10
14426751	0	3	-1	9	9110.7	7,5,2
14476649	0	5	-1	9	9106.3	1,4,8,5,2
14530498	0	4	5	7	14186.2	1,6,4,5,2
14584420	-1	-1	-1	-1	-1	-1
14994972	0	4	-1	9	8060.1	1,6,4,5,2
15098052	0	4	-1	2	6984.8	1,6,4,5,2
15108303	0	4	-1	9	12152.8	1,6,4,5,2
15195016	0	5	-1	9	10366	1,4,5,2
15353406	1	4	-1	10	6127.9	1,6,4,8,5
15418635	1	4	-1	9	11643.7	1,6,4,5,2
15419625	0	4	3	2	12445.2	1,6,4,5,2
15637770	0	4	-1	10	7291.6	1,4,5,2
15712725	0	4	-1	9	9654.2	1,4,8,5,2
15828916	0	3	3	9	8310	1,6,4,8,5,2
16141903	0	4	4	9	10805.1	1,6,4,2
16166951	0	5	-1	9	12964.4	1,6,4,8,5,2
16250471	1	4	-1	9	7947	1,6,4,5,2
16346869	1	4	-1	2	9455.6	1,6,4,5
16459350	0	5	-1	10	8577.9	1,4,5,2
16707923	0	4	-1	2	9793.4	1,6,4,2,10
16890435	0	3	-1	10	6133.8	1,6,4,8,5,10
17184292	0	5	-1	9	8499.5	1,4,5
17197290	0	5	-1	9	9034.1	1,4,8,5,2
17550633	0	4	-1	10	8366	1,6,4,8,5,2
17647340	0	4	-1	3	7623.8	1,6,4,8,5,2,10
17651846	0	5	-1	9	7740.5	1,4,5,2,10
17665420	1	6	-1	9	10051.2	1,4,8,5,2
17849727	1	4	-1	7	7736.7	1,4,8,5,2
18055835	0	4	-1	9	9236.1	1,4,8,5,2,10
18087354	0	4	-1	-1	8956.9	1,6,4,8,5,2
18160493	0	3	-1	9	10232.3	1,4,5,2
18223740	1	4	-1	9	8412.2	1,4,5,2
18344147	0	3	3	9	10506	1,6,4,5,2
20161877	0	4	-1	-1	7225.5	1,6,4,5,2
20167454	0	3	-1	9	8384.8	1,6,4,8,5,2
20226250	1	5	-1	9	8808.9	1,6,4,8,5
20332407	0	4	-1	9	8483.9	1,6,4,5,2
20494379	0	4	-1	9	9936.8	1,6,4,8,5,2
20684105	0	4	-1	5	8907.1	1,6,4,8,5,2
20876989	1	4	-1	9	7500.5	1,6,4,8,5
21048290	0	3	-1	9	7200.7	7,2
21373337	0	4	-1	10	7216.9	1,6,4,8,5,2
21518670	0	4	-1	9	9016.6	1,6,4,2
21542038	0	4	-1	9	9983.6	1,4,5,2
21660155	0	4	-1	9	8777.9	1,6,4,5,2
21709679	0	5	-1	2	10945	1,6,4,8,5,2
21716027	0	4	-1	9	10531.9	1,6,4,5,2
21757950	0	4	-1	9	8624.8	1,6,4,5,2
21824959	0	5	-1	2	9053.4	1,6,4,8,5,2
21848845	1	6	-1	2	11362.6	1,8,5,2
21944579	0	4	-1	9	8007.5	1,6,4,5,2
21980642	0	4	-1	9	14094.7	1,4,5
22036928	1	4	-1	9	9803.2	1,6,4,5,2
22070886	0	4	-1	9	7208.8	1,6,4,5,2
22116955	1	4	-1	9	10824.4	1,6,4,5,2
22323131	0	4	-1	2	8315.4	1,6,4,5,2
22441993	1	4	-1	9	9954.3	1,6,4,8,5,2
22499576	1	6	-1	9	10531.7	1,4,8,5,2,10
22555646	0	4	-1	2	12930.7	1,6,4
22632074	1	4	-1	9	8298.6	1,4,5,2
22671341	0	4	-1	9	7794.7	1,6,4
22756108	1	4	-1	9	9520.6	7,2
22778644	1	5	-1	10	8445	1,6,4,2
22862139	0	5	-1	-1	7500	9,4,2
22889238	0	4	-1	9	8089.2	1,4,8,5,2
22945339	0	4	-1	9	8336.1	1,6,4,8,5,2
23067537	0	4	-1	9	8495.8	1,6,4,2
23194183	1	5	-1	3	12080.8	2
23262713	0	4	-1	8	8654.4	1,6,4,5,2,10
23275544	1	4	-1	3	10346.6	1,6,4,8,5,2
23366655	0	4	-1	9	11492.2	1,6,4,5,2
23535323	0	4	-1	9	8793	1,4,2,10
23608651	0	4	-1	2	12818.8	1,6,4,5,2
23667331	0	4	-1	9	8082.2	1,6,4,5,2
23758291	0	4	-1	10	9453.2	1,6,4,8,5
23782640	0	4	-1	9	10599.1	1,6,4,5,2
23817941	0	5	-1	7	9730.3	1,4,2
23851153	0	4	-1	10	5436.5	1,4,2
24248825	1	4	-1	10	6675.2	1,4
24416240	-1	-1	-1	-1	-1	-1
24846397	1	9	-1	-1	6517	1,4,5
25046093	0	3	3	9	9265.2	1,6,4,5,2
25275248	1	6	-1	2	7056.7	1,4,5,2
25377549	1	5	-1	9	7772.7	1,6,4,5,2
25398469	1	6	-1	-1	11835.6	1,4,2
25401897	0	4	-1	9	9634.4	1,6,4,8,2
25549579	1	4	-1	9	11781	1,6,4,8,5,2
25553093	0	3	-1	9	10954.4	1,4,2
25554196	0	4	-1	9	9488.1	1,6,4,8,5,2
25590894	1	5	-1	2	10565.4	1,6,4,8,5,2
25642312	1	3	3	2	8132	1,4,8,5,2
25701772	1	5	-1	7	12955.9	1,4,8,5,2
25786525	0	4	-1	9	9835.7	1,6,4,2,10
25871375	0	4	-1	2	13942.6	1,6,4,8,5,2
26025000	1	4	-1	9	9750.6	1,4,5,2
26175552	1	4	-1	5	7635	1,4,5
26371607	1	3	-1	8	11024.1	1,4,8,5,2
26505447	0	4	-1	9	8986.6	1,6,4,5
26525728	0	3	3	2	11889.2	1,8,5,2
26533437	0	5	-1	-1	11360.9	1,6,4,5,2
26601436	0	5	-1	9	14319.1	1,6,4,2
26798091	0	4	-1	2	7332.1	1,6,4,8,5,2
26977159	0	3	-1	9	7549.2	1,6,4,5,2
27004158	0	4	-1	2	11422.5	1,6,4,5,2
27195522	0	4	-1	9	8606.7	1,6,4,5,2
27497207	1	3	-1	4	6083.8	1,4,5,2
27578069	0	4	-1	9	10884.5	1,6,4,5,2
27753672	1	4	-1	9	9814.1	1,6,4,5,2
28045917	0	5	-1	9	9028.2	1,4,5,2
28196818	0	4	-1	9	11065.9	1,6,4,8,5,2
28252002	0	3	3	9	8938	1,6,4,5,2
30408323	1	5	-1	9	8018.7	1,6,4,5,2
30579996	0	3	-1	-1	12737.6	9,2
30912678	0	4	-1	9	8745.3	1,4,2
31154593	0	3	-1	8	8256.3	1,6,4,5
31336939	0	4	-1	9	10296.5	1,6,4,5,2
31644346	1	3	-1	9	8035	-1
31761569	1	4	-1	9	8834.9	1,6,4,5,2
32057799	1	5	-1	5	6617.7	1,4,8,5,2
32210887	0	5	-1	9	10891.3	1,4,5,2
33038958	0	5	-1	9	12632.2	1,4,5,2
33080916	0	4	-1	2	10334.6	1,6,4,8,5,2
33155659	0	4	-1	7	11399	1,6,4,8,5,2
33158336	0	5	-1	9	9626.6	1,6,4,5,2
33287327	0	4	-1	7	10803	1,4,8,5,2,10
33547972	1	4	4	2	10538.8	1,6,4,8,5,2,10
33903831	0	5	-1	9	8023.9	1,4,5,2
34142194	0	4	-1	2	13030.4	1,6,4,5,2
34218143	0	3	3	9	11595.2	1,6,4,5,2
34342046	0	3	-1	9	12066.3	1,4,8,5,2
34523926	1	3	-1	9	10538	1,4,5,2
34836519	1	4	-1	9	10333.6	1,4,2
35126844	0	5	-1	-1	8299.1	1,4,5,2
35183976	0	3	4	7	8884.8	1,6,4,8,5,2
35631404	0	4	-1	9	7909.6	1,6,4,8,5,2
35766969	1	9	-1	10	4875.8	1,2
35795672	0	5	-1	10	10547.7	1,6,4,5,2
36006224	0	3	-1	-1	8084.5	1,6,4,8,2
36384627	1	5	-1	-1	7862.9	1,6,4
36452107	0	3	3	8	14535.8	1,4,5,2
36462751	0	5	-1	10	10511.7	1,6,4,8,5,2
36786915	0	4	-1	10	7640.5	1,6,4,8,5,2
37018564	1	3	-1	9	7214.5	1,4,5,2
37043256	0	4	-1	9	13226.7	1,4,2
37076049	1	4	4	9	12890.1	1,5
37236764	0	3	-1	9	6073.3	-1
37312994	0	3	-1	-1	6296.3	1,6,4,8,5,2
37334719	0	4	-1	9	12353.9	1,6,4,2
37606484	1	4	-1	9	9604	1,6,4,5
37713970	1	4	-1	3	8390.4	1,4,5,2,10
38073990	0	4	-1	9	7532.4	1,6,4,5,2
38158961	0	4	-1	8	10178.6	1,6,4,5,2
38242301	1	4	-1	9	12186.8	1,6,4,2
38364359	0	2	-1	-1	5085.4	-1
38692794	0	4	-1	2	6828	1,6,4
38866369	1	3	3	3	10295.6	7,8,5,2
39190948	1	5	-1	2	10633.7	1,6,4,5,2
39415033	1	3	-1	2	7360.6	1,6,4,5,2
39795488	0	4	-1	9	12659.6	1,6,4,5,2
40075522	0	3	4	9	7037.8	1,6,4,5,2
40119623	0	3	-1	10	7946.2	1,6,4,8,5,2
40275482	0	4	-1	-1	8058.6	1,6,4
40390916	1	4	-1	9	9913.7	1,4,5,2
40731197	0	4	-1	9	12192.3	1,6,4,5,2
40951972	0	5	-1	9	10462.6	1,6,4,5,2,10
40954695	0	5	-1	5	10322.9	1,5,2
41183862	1	3	-1	8	12020.2	1,4,5,2
41205762	0	4	-1	9	8762.5	1,6,4,5,2
41231926	0	5	-1	2	10426.5	1,4,5,2
41300523	0	6	-1	10	7753	1,8,5
42100543	1	3	2	9	11920.8	1,6,5,2
42177353	1	5	-1	6	6778.3	1,4,8,5,2
42278742	0	4	-1	9	9320.4	1,6,4,5,2
42512694	0	4	-1	9	13638.1	1,6,4,8,5,2
42603171	1	4	-1	2	7554	1,6,4,5,2
42900113	0	4	-1	9	8850.4	1,4,5,2
43666570	1	4	-1	7	7065.3	1,8,5,2
44155128	0	4	-1	10	10478.5	1,6,4,8,2
44195643	0	4	3	3	11064.8	1,6,4,8,5,2
44206678	0	3	-1	9	8340.4	1,6,4,5,2
44237861	1	4	4	-1	9010	1,4,8,2
44477817	1	4	-1	-1	7949.4	1,4,8,5,2
44557408	0	3	-1	7	6370	1,6,4,8,5,2
44606362	0	3	-1	7	7528.1	1,6,4,8,5,2
44762230	0	4	-1	-1	8042.6	1,6,4,5,2
44792102	0	4	-1	-1	8240.6	1,6,4,8,5
44939976	0	5	-1	5	8051	1,4,2
44963676	1	5	-1	8	8546	1,6,4,5,2
45180420	0	3	-1	9	13676.9	1,6,4
45395825	0	5	-1	9	11568.8	1,6,4,5,2
45425771	0	3	3	9	10529.7	1,6,4,8,5,2
45546438	1	4	-1	2	8770.9	1,6,4,5,2
45576339	0	3	-1	2	8269.3	1,6,4,2
45614733	0	3	3	2	6155.5	1,6,4
45686848	0	3	3	9	10490.9	1,4,5,2
45720426	0	4	-1	9	7125.6	1,6,4,5,2
46127038	0	5	4	2	7137.2	1,4,8,5
46630707	1	5	-1	9	9194.5	1,4,5,2
46820954	0	5	-1	3	9044.2	1,6,4,8,5,2
46885048	0	3	-1	9	8238.5	1,6,4,5,2
47002164	0	4	-1	-1	6240.1	1,6,4,5,2
47046997	1	4	-1	9	8802.2	1,6,4,8,5,2
47171274	1	5	-1	3	10570.9	1,5,2
47410413	1	4	-1	9	7922.7	1,2
47534222	0	4	-1	9	8714.8	1,6,4,5,2
47579980	0	4	-1	7	8445.9	1,4,8,2
47654003	0	5	-1	3	8899.6	1,4,5,2
47749856	0	5	-1	9	12013.3	1,2
47796773	0	3	-1	3	6857.2	7,2
47905791	1	9	-1	9	10169.1	1,6,4,5,2
47991403	0	4	-1	3	8289.4	1,6,4,8,5,2
48017582	1	4	-1	10	8206.5	1,6,4,8,5,2,10
48201416	0	4	-1	2	8478.2	1,6,4,5,2
48338983	0	3	3	-1	7271.6	1,4,5,2
48455665	0	3	-1	10	8144.7	1,6,4,8,2
48559511	0	4	-1	-1	5742.2	1,4,5,10
48760623	0	3	3	9	9661.7	1,6,4,5
48795934	0	5	-1	9	9723.6	1,4,5
48799650	0	4	-1	9	10220.1	1,6,4,8,5,2
48878217	1	4	-1	8	8720.7	1,4,5,2
49059056	0	3	-1	9	7768.2	1,6,4,8,5,2
49111528	0	4	-1	-1	8216.7	1,6,4,5,2
49276460	0	3	-1	9	8354.6	1,6,4,5,2
49296000	0	4	-1	-1	8570.2	1,4,5,2,10
49367280	0	3	3	6	7463.9	1,6,4,5,2
49541575	0	4	-1	9	10064.8	1,6,4,5,2
49592768	0	4	-1	4	8667.1	1,4,5
49619685	0	4	-1	2	5338	1,6,4,8,5,2
49698826	1	4	-1	9	8026.6	1,6,4,5,2
49704687	0	9	-1	8	11791.1	1,6,4,2
49722219	0	4	-1	7	7830.3	1,4,5
49824112	0	4	-1	10	10219.1	1,6,4,2
49927916	0	3	4	9	10284.7	1,6,4,5
50044238	0	4	-1	10	11621.2	1,4,5,2
50226425	-1	-1	-1	-1	-1	-1
50313645	0	3	-1	2	10097.7	1,6,4,5,2
50377797	1	3	-1	7	7353.3	1,6,4,8,5,2
50786738	0	4	3	9	12074.8	1,4,5
50795319	0	4	-1	-1	6168.9	1,4,5,2
50860777	0	4	-1	9	12894.3	1,6,4
50869367	0	3	3	9	9601.2	1,6,4,5,2
50888586	0	3	3	3	21069.3	1,6,4,5,2
50941284	1	5	-1	-1	7886.7	1,8,5,2
51500996	0	3	-1	2	11153.3	1,4,5,2
51565320	1	6	-1	3	10289.5	1,4,8,5,2
51675154	0	4	-1	9	10787.2	1,4,5,2
51771528	1	3	4	7	15668.5	1,4,2
51841057	0	5	-1	2	11168	1,4,5,2
51963760	0	5	-1	9	9889.2	1,4
52035029	0	3	-1	2	8227.6	1,6,4,2
52076274	0	5	-1	9	8678.2	1,4,5,2
52343439	1	4	-1	2	11149.8	1,4,5,2
52551812	0	4	-1	9	9404.8	1,4,5,2
52567631	0	3	3	2	9916.3	1,6,4,5,2
52576020	0	3	2	2	5985	1,6,4,2
52791045	0	4	-1	9	8914.2	7
52924989	0	5	-1	-1	10433.4	1,4,2
53028521	1	3	-1	-1	4562.2	9,4,5,2
53118855	1	5	-1	2	15800.8	1,4,5,2
53130065	0	3	-1	9	12017.1	1,6,5,2,10
53443821	1	4	-1	9	20397.9	1,6,4,5,2
53512843	0	4	-1	9	8346	1,6,4,8,5,2
53800460	0	4	-1	-1	8055	1,6,4,5,2
53832016	0	3	-1	9	7741.6	1,4,2
54170751	0	5	-1	9	9898.8	7,2
54633565	0	4	-1	9	8642	1,6,4,5
54691731	1	3	-1	8	8099.5	1,4,5,2
54718966	0	4	-1	9	9644.2	1,6,4,8,5,2
54758553	0	4	-1	9	8896.9	1,6,4,5,2,10
54775728	0	3	-1	3	14878.7	1,6,4,5,2
54819710	0	4	-1	10	9831.7	1,6,4,5,2
54870839	0	4	-1	10	8911.9	1,6,4,8,5,2
55154667	0	4	-1	9	9665.4	1,4,5,2
55214577	0	3	-1	9	5378.6	1,4,8,5,2
55225280	0	5	-1	9	7843.5	1,6,4,5,2
55245050	0	4	-1	9	10165.1	1,4,5,2
55392357	0	4	-1	6	9383.8	1,6,4,2
55408079	0	4	-1	7	4558	1,6,4,8,5,2,10
55522543	1	5	-1	9	7446.9	1,6,4,5,2
55880171	0	4	-1	3	9004.5	1,4,8,5,2
56019184	0	4	4	9	14521.3	1,6,4,8,5,2
56069751	1	3	2	9	7890.3	1,6,4,5,2
56227861	0	3	-1	9	8208.6	1,6,4,8,5,2
56350627	0	3	4	9	12935.6	1,6,4,8,5,2
56366318	0	4	-1	2	6608.8	1,8,5,2
56388460	1	3	-1	9	9487.2	1,4,8,5,2
56437714	1	4	-1	9	10034.3	1,4,2
56523475	0	4	-1	10	9586.3	1,6,4,5,2
56585640	0	3	3	9	9281.4	1,6,4,8,5
56800176	1	4	-1	2	10556.6	1,4,2
56833811	0	4	-1	-1	5918.3	1,6,4,5,2
56918730	0	5	-1	2	13490.2	1,6,4,5,2
56970297	0	5	-1	2	14154.8	1,6,4,5,2
57045564	0	3	-1	9	7514.1	1,4,8,5,2
57098945	0	5	-1	2	10632.3	1,4,8,5
57213912	0	4	4	2	11703.7	1,4,8,5,2
57323038	0	4	-1	9	8796.2	1,6,4,5,2
57499131	0	4	-1	-1	9806.2	1,6,4,8,2
57527625	0	4	4	8	13512.5	1,6,4
57563078	0	4	-1	9	12003.4	1,6,4,5,2
57681458	0	5	-1	9	7865.2	1,4,2
57692021	0	2	-1	3	7016.9	1,6,4,5,2
57781673	0	6	-1	2	11764.9	1,6,4,8,2,10
57812305	0	5	-1	9	9469	1,4,5,2
57957869	0	4	-1	9	8236.8	1,4,5,10
58208642	0	4	-1	9	11034.1	1,6,4,5,2,10
58477571	0	4	-1	9	10129.7	1,4,8,5,2
58481466	0	4	-1	9	11772.8	1,4,5,2
58675967	0	3	3	9	11143	1,6,4,5,2
58754686	0	4	-1	9	9773.6	1,6,4,5,2
58758158	1	4	-1	9	8773.3	1,4,8,5,2
58931376	1	7	-1	10	7846.8	1,5,2
59166235	0	5	-1	9	9149.1	1,6,4,5,2
59204992	1	5	-1	9	7070	1,4,8,5,2
59272804	0	3	3	9	14418.6	1,6,4,5,2
59282894	0	4	-1	9	9786.8	1,6,4,8,5,2
59309684	1	4	-1	9	10648.3	1,6,4,5,2
59329851	0	4	4	7	11737.7	1,6,4,5,2
59449355	1	5	-1	9	7221.2	1,4,5
59565553	0	3	3	9	8953.7	1,6,4,2
59769133	1	5	-1	2	12935.6	1,4,5,2,10
59862731	0	4	-1	10	11387.8	1,4,5,2
60133588	1	3	-1	2	9942.6	1,4,5,2
60214960	0	4	-1	9	8445.1	1,6,4,2
60246601	1	5	-1	9	8793.9	1,6,4,8,5,2
60346371	1	6	-1	-1	9334.1	1,6,4,8,5,2
60383219	0	4	4	7	7902.3	1,4,8,5,2
60456982	0	4	-1	9	10615.5	1,6,4,5
60559953	0	3	-1	9	7738.7	1,6,4,5
60590734	0	4	-1	9	8988	1,6,4,2
60607356	0	3	3	9	9073.3	1,4,5,2
60681659	0	2	2	10	10689.7	1,6,4,5,2
60685123	0	4	-1	9	7482.3	1,6,4,5,2
60735270	0	5	-1	2	7169.2	1,6,4,5,2
60880192	0	3	-1	9	7320.7	1,6,4,5,2
60895363	0	4	-1	9	10580.3	1,6,4,5
60956690	0	4	-1	9	8255.7	1,6,4,2
61071848	1	6	-1	9	7254.7	1,4,5,2
61083349	0	4	-1	9	9007	1,6,4,8,5,2
61205188	0	3	3	-1	8322.7	1,6,4,8,5,2
61433759	1	5	-1	8	13011.4	1,6,4,8,5,2
61698854	0	4	-1	9	8437.3	1,4,5,2
61791066	0	5	-1	2	9601.8	1,6,2
61848614	0	4	-1	9	9929.4	1,6,4,5,2
62206402	1	4	-1	-1	6954.9	1,6,4,8
62462129	1	4	-1	1	8290.4	1,6,4,5,2
62497308	0	4	-1	2	7373.6	1,6,4,5,2
62534618	0	5	-1	9	9470	1,4,2
62626859	1	5	-1	9	8445.2	1,4,8,5,2
62668386	0	3	-1	9	7250.4	1,6,4
62779133	0	4	-1	2	10209.2	1,6,4,5,2
63222072	0	4	-1	2	9055.2	1,6,4,5,2,10
63283507	0	3	-1	2	7882.3	1,6,4,5,2
63576769	1	3	-1	10	7252.9	7,8,5
63620865	1	8	-1	9	10414.5	1,8,5,2
63685745	0	4	-1	10	7365.3	1,4,5,2
63704786	0	4	-1	9	8461	1,6,4,2
63766388	0	3	-1	10	7549.1	1,6,4,8,5,2
63826431	1	3	3	9	9197.3	1,6,4,8,5,2
63847341	0	6	-1	2	8304.3	1,5,2
64165318	1	3	-1	9	7676.2	1,6,4,8,5,2,10
64211818	1	3	-1	9	5464.8	1,4,5,2
64678045	0	4	-1	8	9799	1,6,4,8,5,2
64717853	0	5	-1	9	9712.6	-1
64811281	1	5	-1	9	7622.7	1,4,5,2
64910503	1	2	-1	9	7291.9	1,6,4,5,2
64998139	0	4	-1	9	17116.5	1,6,4,8,5,2,10
65095354	0	3	-1	2	7685.7	1,6,4,5,2
65299706	0	3	3	10	8695.7	1,6,4,5,2
65313726	0	2	3	9	10297.4	1,4,2
65504660	0	4	-1	9	8960.4	1,6,4,5,2
65622800	0	4	-1	9	8702.9	1,6,4,5,2
65950930	1	5	-1	10	7301.2	1,5,2
65992536	0	4	-1	1	7230.4	1,6,4,5,2
66074933	0	3	-1	9	8243	1,6,4,5,2
66099777	0	4	-1	2	9046.5	1,6,4,5,2
66115911	0	4	-1	9	9834.9	1,6,4,2
66120364	0	2	-1	9	7317	1,6,4,2
66146561	0	4	-1	9	8250.2	1,6,4,5,2
66756202	0	3	-1	9	6300.3	1,6,4,5,2
66829482	0	4	-1	-1	6984.4	1,6,4,2
66915053	1	5	-1	9	8466.2	1,4,5,2
67034246	0	3	-1	10	9823.9	1,6,4,5,2
67052839	1	3	-1	9	5572.9	1,6,4,5,2
67228780	0	4	-1	2	9493.8	1,4,5,2
67306473	0	3	3	9	7547.6	1,6,4,8,5,2
67355582	0	3	-1	-1	5289.8	-1
67718166	1	3	-1	9	8430.2	1,6,4,5,2
67842078	1	4	-1	-1	9563.5	1,4,5,2
67969347	0	3	-1	10	7537.1	1,6,4,5,2
68017043	1	3	3	3	9247.1	1,4,2
68508426	1	4	-1	8	8165.4	1,6,4,5,2
68519776	0	4	-1	7	9206.4	1,6,4,8,5
68566492	1	6	-1	8	8690.9	1,4,2
68770803	1	4	-1	9	7766.9	1,6,4,8,5,2
68945484	0	5	-1	2	13969.9	1,6,4,5,2
69048371	-1	-1	-1	-1	-1	-1
69076257	0	4	-1	10	13587.8	1,4,8,5,2
69680426	0	3	-1	9	11851.7	1,6,4,8,5,2
69761524	0	4	-1	9	6392.2	1,6,4,2
69874195	0	4	-1	10	6591.8	1,4,5,2
70027671	0	3	-1	8	6917.9	1,4,2
70057123	0	4	-1	9	7607.7	1,6,4,2
70069301	1	6	-1	9	11216.6	1,4,8,5
70339066	0	4	-1	2	8046	1,6,4,5,2
70349893	0	4	-1	8	9554.7	1,6,4
70403089	0	4	-1	9	10909.8	1,6,4,2,10
70432223	0	3	-1	3	6458.9	1,6,4,5,2
70634249	1	3	-1	9	5929.1	1,6,4,5
70713329	0	3	-1	10	6255.6	7,8,5
70885851	0	4	-1	7	11513.2	1,6,4,5,2
71141596	0	4	-1	9	7205.1	1,6,4,5,2
71360073	0	3	-1	2	12354.3	1,6,4,2
71954097	0	3	-1	3	13069.2	1,6,4,5
71999209	0	4	-1	9	14507.1	1,6,4,5,2
72281249	0	3	-1	5	7316.5	1,6,4
72341997	0	3	-1	-1	7853.3	1,6,4,5,10
72524202	1	5	-1	2	8826.5	-1
72529348	1	4	-1	2	14158	1,6,4,8,5,2
72648027	1	3	-1	7	6738.8	1,5,2
72697889	1	3	3	9	10028.9	1,6,4,5,2
72960546	0	3	-1	5	6843.6	1,6,4,2
72973231	1	4	-1	9	6665.1	1,6,4,5,2
72998413	0	3	-1	9	10328	1,6,4,5,2
73486470	0	4	4	8	10263.1	1,6,4,5,2
73623489	1	5	-1	10	8565.6	1,6,4,5,10
73630130	0	3	-1	1	9007.6	1,6,4,5,2
73791246	0	4	-1	2	9962.1	1,8,2
73942747	0	3	-1	9	6258.9	1,6,4,5,2
74199951	1	4	-1	5	9448.7	1,6,4,5,2
74203238	0	5	-1	9	8701.1	1,4,5,2
74240199	0	4	-1	7	11379.2	1,6,4,5,2,10
74393697	0	3	-1	10	8755.1	1,4,5,2
74706716	0	4	-1	-1	8873.9	1,6,4,5,2
75209568	0	3	-1	10	6005.5	1,6,4,5
75247396	0	4	-1	-1	6308.9	1,6,4,8
75414180	0	3	-1	9	6604	1,4,5,2
75549485	0	3	-1	2	6142.9	1,6,4,8,5,2,10
75703875	0	3	-1	9	8456.7	1,6,4,5,2
76111140	1	4	-1	9	11772.9	1,4,5,2
76202697	0	4	-1	9	7782.1	1,6,4,5,2
76216390	1	3	-1	9	13163.7	1,4,5,2
76442698	0	6	-1	9	6698.5	1,4,5,10
76776559	1	3	3	8	9871.6	1,6,4,8,5,2
77259053	0	3	3	9	13717.5	7,4,5
77394817	0	5	-1	2	7091.5	1,4,8,5,10
77476668	0	3	-1	3	6759.5	1,6,4,2
77524267	0	5	-1	9	10024.4	1,6,4,5
77649519	1	4	-1	2	5239.2	1,6,4,8,2
77657228	0	3	3	9	9943.8	1,6,4,8,5,2
77660236	1	6	-1	9	10966.4	1,6,4,8,5,2
77802007	0	4	-1	-1	8163.7	1,6,4
77966546	1	5	-1	-1	7832.6	1,4,5
78254776	0	4	-1	9	7655.9	1,6,4,5,2
78340850	0	4	-1	3	6793.3	1,6,4,8,5,2
78374876	0	2	3	1	9606.2	1,6,4,5,2
78511418	0	3	3	2	11521.1	1,6,4,5,2,10
78614983	0	8	-1	-1	7813.8	1,6,4,5,2
78662665	0	4	-1	8	8284.6	1,6,4,5,2
78778368	0	2	-1	10	5798.3	1,4,5,2
79211948	1	3	-1	10	5918.2	1,4,5,2
79213855	1	3	-1	9	6304	1,6,4,5,2
79716881	0	3	-1	9	7662.5	1,6,4,5,2
79837403	0	4	-1	9	8566.3	1,6,4,2
79902598	0	4	-1	10	11985.2	1,6,4,2
80150740	0	4	-1	9	10117.7	1,6,4,8,5,2
80215972	0	3	-1	9	6198.2	1,6,4,5,2
80226643	0	4	-1	9	10014.6	1,6,4
80298665	0	4	-1	9	7500.3	1,6,4,5,2
80381801	0	5	-1	7	5999.5	1,4
80426989	0	4	-1	-1	7079.3	1,6,4,5,10
80860635	0	4	-1	9	8571.2	1,4,5,2
81042980	0	4	-1	2	8587.4	1,6,4,5,2
81057559	0	4	-1	9	9447.5	1,6,4,8,5,2
81068370	1	4	-1	2	7972.4	1,4,5,2
81070936	0	4	4	9	11573.1	1,6,4,2
81560913	0	5	-1	9	8677.7	1,4,5,2
81771351	1	4	-1	10	7853.9	1,6,4,8,5,2
82453466	0	3	-1	9	8994.9	1,6,4,5,2
82754400	0	4	-1	-1	8225.7	1,4
82796706	0	5	-1	2	8360.2	1,4,2
82882993	0	4	-1	9	7996.1	1,4,5
83091061	0	3	3	9	8909.1	1,6,4,8,5,2
83168673	0	3	-1	2	7599.9	1,6,4,5,2
83182962	0	6	-1	9	7773.3	1,4,5,2,10
83284134	1	4	-1	9	9276.2	1,4,5
83295582	1	4	-1	9	8450.1	1,6,4,8,5,2
83395550	0	3	-1	3	12527.1	1,6,4,5,2
83677981	1	4	-1	2	11637.7	1,6,4,5,2
83717150	0	4	-1	9	10670.6	1,6,4,5,2
83720628	0	4	-1	9	9465.9	1,6,4,8,5,2
83808784	0	4	-1	-1	7115.7	1,4,2
84022346	0	4	-1	8	9722.9	1,6,4,5,2
84090642	0	3	-1	-1	7110.7	1,6,4,2
84262616	0	3	-1	9	7060.6	1,6,4,8,5,2
84380341	1	4	-1	1	11509	1,6,4,8,5,2
84483692	0	5	-1	9	7939.8	1,4,5,2
84838776	1	3	-1	9	12089.6	1,4,5,2
84847927	0	3	3	10	7504.7	1,6,4,5,2
84880309	0	5	-1	9	9311.3	1,6,4,5,2
85055075	0	4	-1	2	11573.7	1,6,4,5,2
85056497	1	4	-1	9	12423.2	1,6,4,5,2
85078041	0	4	-1	9	9690.4	1,4,5,2
85167205	1	4	-1	9	9080.6	1,6,4,2
85291200	0	3	3	4	11100.7	1,6,4,5,2
85352657	0	4	-1	8	6968.4	1,6,4,8,5
85384021	0	4	-1	7	8241.6	1,6,4,5,2
85457857	0	4	-1	2	12833.8	1,6,4,2,10
85458119	1	4	-1	9	7360.6	1,4,5,2
85469543	0	3	-1	9	7123.5	1,6,4,2
85879060	1	3	-1	9	7173.1	1,4,8,5,2,10
85940717	0	5	-1	10	9161.9	1,8,5,2,10
86015584	0	4	-1	2	8723.7	1,6,4,5,2
86086787	0	4	-1	-1	8182.9	1,6,4,5,2
86390623	0	2	2	9	5820.3	1,4
86419189	0	4	-1	9	11319.1	1,4,8,5,2
86420651	0	3	3	3	11611.1	1,6,4,8,5,2
86556580	1	3	-1	7	7548	1,4,8,5,2
86613320	0	4	-1	9	8836.6	1,6,4,5,2
86675999	0	2	3	10	8515.1	1,4,5,2
86860341	0	5	-1	9	11910.4	1,6,4,8,5,2
86869262	1	3	3	9	9018.9	1,6,4,5,2
86940987	0	4	-1	-1	7918.6	1,6,4,8,5,2
86949281	1	3	-1	9	9038.9	1,6,4,8,5,2
87147585	1	3	-1	9	6329.6	1,6,4,8,5,2
87279829	0	4	-1	9	9209.8	1,4,5,2
87321451	0	4	-1	7	9421.4	1,4,8,5,2
87372339	1	3	-1	9	12005.5	1,6,4,5,2
87547536	1	4	-1	10	7687.6	1,6,4,8,5,2
87641921	0	2	4	-1	6274.5	1,6,4,5,2,10
87742523	0	4	-1	9	12158.8	1,4,8,5,2
88008173	0	3	-1	9	7376.5	1,6,4
88026398	0	4	-1	10	6644.3	1,4,5,2
88196271	0	3	-1	-1	7379	1,6,4,5,2
88511601	0	3	-1	-1	6919.4	1,4,2
88651822	1	6	-1	9	9623.9	1,8,5,2,10
88705081	1	4	-1	2	6886	1,4,2
88752568	0	4	-1	9	10203.4	1,4,5,2
88827537	1	5	-1	5	7748.5	1,4,8,5,2
88946397	0	3	-1	9	6413.9	1,4,8,5,2
88946667	1	6	-1	2	10879.5	1,5,2
89390384	0	6	-1	3	6296.6	1,6,4,8,5,10
89392909	0	4	-1	8	9196.4	1,6,4,8,5,2
89930422	0	3	-1	9	9782.4	1,6,4,2
90363150	0	3	3	2	11233.5	1,6,4,2
90909337	0	3	-1	2	8891.8	1,4,5,2
91184489	0	4	-1	8	8984	1,6,4
91465261	1	4	-1	9	9252.1	1,4,5,2
91687460	0	8	-1	9	6736.9	1,6,4,5,2
91693001	0	3	3	2	10480.8	1,4,2
91761937	0	4	-1	10	6845.3	1,4
91897228	0	3	-1	8	9691.8	1,6,4,5,2
92198221	0	5	-1	9	7609.5	1,4,5,2
92273597	1	3	-1	9	8575.4	1,4,5,2
92318633	0	3	-1	9	7277.9	1,6,4,5,2
92605440	0	2	3	7	6908.2	7,6,4,5
92944541	0	3	3	9	9985.8	1,6,4,5,2
93084317	0	3	-1	2	9547.2	1,6,4,8,2
93087554	0	2	-1	-1	5959.9	1,6,4,2
93533336	0	3	3	9	9869.3	1,6,4,5,2
93646276	0	3	-1	10	7578.9	1,6,4,5,2
93692783	0	5	-1	8	10125.9	1,6,5,2,10
93834842	0	4	-1	2	8754.1	1,4,2
93916908	0	4	-1	9	8925.7	1,4,2
94255123	1	3	2	10	6796.6	1,2
94487030	0	2	3	5	10013.2	1,6,4,5,2
94568369	0	3	-1	2	6426	1,6,4,5,2
95132392	0	4	-1	2	12363	1,6,4,5,2
95419871	0	4	-1	2	6258.1	1,5,2
95429937	0	4	-1	2	10906.2	1,6,4,5,2
95656194	1	4	-1	9	10671.7	1,8,5,2
95763281	0	6	-1	-1	8759.6	1,4,2
95962041	0	4	-1	2	7337	1,6,4,5,2
95979157	0	3	3	10	8977.1	1,6,4,5,2
96395902	0	4	-1	7	6973.1	1,4,5,2
96496120	0	3	3	9	8565.6	1,6,4,8,5,2
96866636	0	4	-1	10	8846.8	1,6,4,5,2
97342371	1	3	-1	9	9579.9	1,4,5,2
98390544	0	3	-1	-1	7207.6	1,6,4,8,5,2
98675893	1	4	-1	10	7366.4	1,4,2
98889110	0	3	-1	8	8576.2	1,6,4,5,2
98989667	0	4	-1	8	7001.2	1,6,4,5,2
99103377	0	3	-1	8	6865.9	1,6,4,8,5,2
99555099	1	3	-1	9	5864.5	1,6,4,5,2
99970828	0	4	-1	8	6979.9	1,6,4,2
100050712	0	3	-1	2	8294.9	1,6,4,8,5,2
100609106	0	3	3	7	6022	1,6,4,8,5,2
100785301	0	4	-1	9	10576.4	1,6,4,8,5,2
100859154	0	2	-1	9	7661.2	1,4,5,2,10
101089196	0	4	-1	9	7394	1,6,4,5,2
102238191	0	4	-1	9	6987.4	1,4,5,2
102691732	1	4	-1	10	6561.9	1,6,4,8,5,2,10
103098253	0	4	-1	4	9438.7	1,6,4,5,2
104241802	0	4	-1	10	9076.3	1,6,4,5,2
104414139	0	3	-1	-1	7973.3	1,8,5
104764665	0	6	-1	9	7581.3	1,4,5
105188237	0	5	-1	-1	7993.5	-1
105400385	0	4	-1	9	7674.9	1,6,4,8,5,2
106349921	0	5	-1	9	8103.4	1,6,4,5
106496750	0	3	3	9	9876.5	1,6,4,8,5,2
106921552	1	4	-1	-1	8517.6	1,6,4,8,5
106955890	0	2	3	8	9800.8	1,6,4,8,5,2
107344805	0	3	-1	9	7612.5	1,4,8,5,2,10
107887672	1	6	-1	9	6366.1	1,4,5,2
108189933	0	4	-1	9	8611.7	1,6,4,8,5,2,10
109023243	0	4	-1	9	9142.2	1,6,4,5,2
110054045	0	3	3	9	8419.7	7,5,2
110081846	0	3	-1	9	6677.4	1,4,5,2,10
110900272	0	5	-1	6	10998.2	1,4,5,2
111104885	0	3	4	2	9021.1	1,6,5,2
111299062	0	3	-1	9	6954	7,6,4,8,5,2
111658292	0	4	-1	9	6489.8	1,4,5,2
111743707	0	4	-1	10	7197.3	1,6,4,5,2
111915385	0	3	-1	2	10324.2	1,6,4,5
112018616	0	3	5	-1	13863.5	1,6,4,5
112310327	0	4	-1	9	9713.6	1,6,4,5,2,10
112417779	0	3	-1	7	8616	1,6,4,2
112609562	0	2	3	8	8903.7	1,4,8,5,2
112734044	0	5	-1	9	12748.6	1,6,4,8,5,2,10
112751910	0	3	-1	9	6366.2	1,4,5
113080594	0	2	-1	9	6981.3	1,6,4,2
113179732	0	3	-1	7	7467.9	1,6,4,5,2
113241127	1	5	-1	9	8819	1,4,5,2
113312392	0	4	-1	9	8246.1	1,4,5,2
113332948	1	5	-1	8	9526.3	1,4,8,5,2
113697358	0	4	-1	9	7207.4	1,6,4,8,5,2
113763021	0	5	-1	-1	9270.5	1,6,4,5,2,10
113885099	0	5	-1	-1	7202.3	1,4,5,2
114028745	0	4	-1	9	9271.8	1,4,8,5,2
114033225	0	3	-1	10	9418.3	1,6,4,2
114140876	0	3	-1	9	5671.5	1,6,4,8,5,10
114530473	1	4	-1	9	9151.2	1,4,2
114765717	1	3	-1	9	5556.8	1,6,4,2
114882234	0	3	-1	2	8200.6	1,6,4,8,5,2
115177380	1	3	-1	9	7098.1	1,6,4,8,5,2
115437723	1	5	-1	9	7975.1	1,4,5,2
115753569	0	3	-1	-1	7453.6	1,6,4,2
116612742	1	4	-1	10	10132.4	1,6,4,5,2
116761759	0	4	-1	10	8257.3	1,6,4,5,2
117461289	0	4	-1	9	7575.9	1,6,4,2
118318898	0	9	-1	7	7203.9	1,5
118541659	0	4	-1	10	11102.2	1,4,5
118771464	0	4	-1	10	6866.5	1,6,4
119505994	1	3	-1	9	7036.2	1,5,2
119799474	0	3	4	2	7465.9	1,6,4,5,2
120199058	0	5	-1	10	8901.6	1,6,4,5
120285732	0	4	-1	2	5450.7	1,6,4,8,5,2,10
120605474	0	5	-1	9	9634.6	1,6,4,8,5,2
121459372	0	3	3	9	9468.2	1,6,4,5,2
121741184	0	4	-1	9	7536.9	1,4,2,10
121917032	0	3	-1	9	7378.1	1,6,4,5,2
122268418	0	3	-1	7	8079.1	1,6,4,5,2
122718851	0	4	-1	9	8512	1,6,4,2
123348002	1	3	4	1	8612.3	9,8,5,2
123513975	0	3	2	9	8289.4	1,6,4,2
123576728	0	3	-1	9	8213.1	1,6,4,5,2
123620195	0	3	-1	9	13151	1,6,4,5,2
123812422	1	2	4	9	8699.8	1
124030983	1	2	-1	9	5781.3	9,2
124455397	0	4	-1	2	11003.2	1,6,4,5,2
124608891	0	3	3	9	8001.2	1,6,4,5,2
124715831	0	4	-1	5	6916.2	1,6,4,5,2
124905476	0	3	3	2	8940	1,6,4,8,5,2
125329583	1	4	-1	9	10399.7	1,6,4,8,5,2
125705106	0	5	-1	9	8957.7	1,4,8,5,2
127003748	0	3	-1	2	7994.4	1,6,4,8,5,2
127402815	0	3	-1	9	9790.7	1,4,8,5,2
127465112	0	3	-1	10	7047.7	1,6,4,5,2
128094881	0	8	-1	2	9986.3	1,4,5
128496918	0	3	4	2	11283.2	1
128799968	0	3	-1	-1	8811.3	1,4,2
128937875	0	4	-1	2	8960	1,4,5,2
129154859	0	3	-1	10	7072.3	1,6,4,5,2
129464115	0	6	-1	9	10145.6	1,8,5,2
130032674	1	6	-1	9	9276	1,4,5,2,10
130378015	0	4	-1	2	8361.2	1,4,2
130467897	0	3	-1	9	8311.8	1,6,4,2
130805244	0	3	-1	8	8148.8	1,4,2
130990602	0	3	3	9	5790.1	1,6,4,5,2,10
131323691	1	6	-1	-1	7178.1	1,4,8,2
131652021	0	3	-1	8	7972.8	1,4
131662353	0	4	-1	2	7927.1	1,4,5,2
132022357	0	3	3	8	9192	7,2
132099957	0	3	-1	9	5509.6	1,6,4,8,5,2
132490454	0	5	-1	-1	7273.6	1,6,4,8
132602611	0	4	-1	7	10976.6	1,6,4
132667292	0	3	-1	8	11699.3	1,6,4,5,2
132809474	0	3	-1	9	10032	1,6,4,5,2
133050672	0	3	3	10	10219.3	1,6,4,5,2
58762	0	4	-1	9	8743.8	1,6,4,8,5,2,10
172617	1	4	-1	9	9757.6	1,4,8,5,2
222422	0	4	-1	3	14535.7	1,6,4,8,5,2
234506	0	5	-1	9	10236.4	1,4,5,2
263708	0	5	-1	9	11739.5	1,6,4,5,2
424056	0	4	-1	9	6341.2	1,6,4
656423	0	5	-1	9	14945.8	1,4,5,2
668034	0	5	-1	5	8613.8	1,6,4
908497	0	4	-1	-1	8334.1	1,6,4,8,5,2
1090318	0	5	-1	9	9572.3	1,6,4,8,5,2,10
1114232	0	9	-1	9	6273.7	1,6,4,2
1210021	0	4	-1	9	11418.7	7,4,2
1375781	0	4	-1	8	9971	1,6,4,8,5,2
10040948	0	5	-1	9	8885.6	1,4,2
10120301	0	3	3	9	11304.1	1,5,2
10218231	0	4	-1	-1	8857.5	1,6,4,5,2,10
10272486	0	3	-1	7	9384.5	1,6,4,8
10332491	0	4	-1	9	9300.8	1,4,5,2
10415272	0	4	-1	9	7034.6	1,6,4,5,2
10502819	1	5	-1	9	10074	1,6,4,5,2
10509621	0	4	-1	9	7079.5	7,4
10576856	0	3	-1	10	7490.8	1,6,4,2
10585451	0	4	-1	9	14300.8	1,6,4,5,2
11169789	0	4	-1	9	10721.8	1,6,4,8,5,2,10
11458265	0	4	-1	7	8276.6	1,4,5
11575683	0	3	-1	10	7262.1	1,6,4,8,5,2
11680573	0	3	-1	9	9419.1	1,4,5,2
11770736	0	3	-1	9	8642.8	1,6,4,8,5
11913040	0	4	-1	8	10277.5	1,4,5,2
12131673	0	4	4	10	12828.5	1,4,5,2
12313783	1	4	-1	9	9183.1	1,6,4,5,2
12351361	0	4	-1	9	6894	1,4,2
12589432	0	4	-1	9	8672.3	1,6,4,8,5,2
12799518	0	4	-1	3	7261.8	1,4,2
12892525	0	2	3	7	10262.4	1,4,5,2,10
13106601	0	4	-1	9	17600	1,6,4,5,2
13436052	0	4	-1	7	8930.9	1,6,4,5,2
13593930	1	4	3	9	14929.1	1,4,8,5,2
13770864	0	4	-1	9	7987.9	1,4,8,5,2
13976951	0	4	-1	10	9811.4	1,6,4,5,2
14056233	0	4	-1	10	8578.1	1,6,4,8,5,2
14136646	0	4	-1	10	8724	1,4,8,5,2
14270626	0	3	-1	10	7592.1	1,6,4,8,5,2
14565815	1	3	3	10	10424.1	1,6,4,8,5,2
14637674	0	4	-1	9	6294.1	1,4,5,2
14849979	0	5	-1	9	11718.7	1,4,8,5,2
14934611	0	4	-1	9	8421.4	1,6,4,5,2
14963570	0	4	-1	9	9009.5	1,6,4,2
15192600	0	3	3	2	12484.9	1,6,4,5,2
15301627	1	5	-1	8	11991.6	1,6,4,8,5,2
15315993	0	4	-1	7	8382.2	1,4,5,2,10
15351784	0	5	-1	9	7670.1	1,4,8,5,2
15523873	1	6	-1	9	10925.6	1,6,4,8,5,2
15532980	1	4	-1	9	8213.7	1,6,4,8,5,2
15742448	1	5	-1	3	7856.6	1,6,4,5,2
15778545	0	4	-1	9	10345.5	1,6,4
16067055	0	4	-1	9	14317.6	1,6,4,5,2
16216664	0	4	-1	9	8047.8	1,6,4,2
16343749	0	3	3	3	10310.6	1,6,4,5,2
16651569	1	5	-1	9	10360.2	1,4,2
16652329	0	4	-1	9	9733	1,6,4,8,5,2
16699043	1	5	-1	9	9355.9	1,4,8,5,2,10
16724109	1	4	-1	9	12726.2	1,6,4,8,5,2,10
16830837	0	4	-1	9	9171.2	1,6,4,8,5,2
16993111	0	4	-1	2	9635.4	1,6,4,5,2
17009660	0	5	-1	-1	8322.1	1,6,4,5,2
17301691	0	4	-1	9	10865.4	1,6,4,8,5,2
17513770	1	4	-1	9	7989.6	1,6,4,2
17837918	0	5	-1	3	7470.6	1,4,8,5,2
18007140	0	4	-1	9	7035.7	1,6,4,5,2
20274687	0	4	-1	-1	9179.2	1,6,4,5,2
20372710	1	4	-1	9	8337.4	1,6,4,8,5,2
20397169	0	4	-1	9	8732.9	1,4,5,2
20447250	0	4	-1	8	9168.3	1,6,4,2
20462946	0	3	-1	9	10900.2	1,6,4,5,2
20758222	0	4	-1	-1	6503.6	1,6,4,2
20764010	0	4	-1	4	9962.8	1,6,4,5,2
20811898	0	4	-1	-1	7945	1,4,5,2
20812590	0	5	-1	7	7516.4	1,6,4,5,2
20870588	1	4	-1	9	9476.9	1,6,4,8,5,2
20981296	0	4	-1	-1	8600.8	1,6,4,8,5
21077568	1	5	-1	9	9438.7	1,6,4,8,5,2
21171936	0	3	5	9	13909.3	1,6,4,2
21212725	0	3	-1	7	5698.6	1,6,4,8,5,2
21767440	0	3	-1	9	6967.9	1,4,5,2
22045699	0	4	-1	-1	10286.8	1,6,4,2
22101919	1	5	-1	8	10312.8	1,6,4,8,5,2
22153894	0	3	-1	9	13093.5	1,6,4
22522249	0	4	-1	9	9573.1	1,6,4,8,5
22524591	1	4	-1	9	11517.2	1,4,8,5,2
22530188	1	4	3	9	9561.1	1,4,8,5,2
22562767	1	4	-1	9	10319.8	1,6,4,8,5,2
22623891	0	4	-1	9	7957.2	1,6,4,8,5,2
22758600	0	3	-1	9	5778	1,6,4,5,2
22823259	0	4	-1	9	10337.4	1,6,4,8,5,2
22851538	0	4	-1	9	6840.1	1,6,4,8,5,2
23012303	0	4	-1	2	8933.8	1,4,5,2
23157931	0	4	-1	7	9572.4	1,6,4,2
23225121	1	5	-1	9	10879.6	1,6,4,5,2
23247153	0	9	-1	2	11366.6	1,4,5,2
23266618	1	4	-1	7	9256.8	1,4,5
23291146	0	4	-1	2	9804	1,4,5,2
23436952	0	4	-1	9	7240	1,4,2
23559499	1	4	-1	10	8536.7	1,6,4,5,2
23562191	0	5	-1	-1	9450.8	1,6,4,5,2
23612117	0	3	2	9	7026.7	1,6,4,5,2
23685185	0	4	-1	9	13377.1	1,4,2
23902423	0	3	-1	9	8731.5	1,6,4,8,5,2
23931082	0	5	-1	9	7967.8	1,4,8,5,2
24009668	1	4	-1	9	9956.7	1,6,4,5,2
24146771	1	5	-1	10	8606.8	1,4,8,5,2
24323749	0	4	-1	5	6927.8	1,6,4,5,2
24494127	0	4	-1	9	13125.4	1,6,4,8,5,2
24701135	1	5	-1	8	8582.3	1,6,4,8,5,2
24855679	0	5	-1	7	10184.4	1,6,4,5
24862384	0	3	-1	9	8849.1	1,6,4,5,2
25300182	1	3	-1	10	8693.4	1,6,4,5,2,10
25328852	0	5	-1	2	8710.6	1,6,4,5
25792006	0	4	-1	9	7948.2	1,4,2
25840878	0	5	-1	1	15163.3	1,4,5,2
25854813	0	6	-1	9	7399.5	1,6,4,8
25900705	1	6	-1	9	14588	1,4,8,5,2,10
25947469	0	3	-1	9	8411	1,4,5,2
25989702	0	4	-1	9	8449.6	1,6,4,5,2,10
26367511	1	4	-1	2	6778	1,6,4,8,5,2
26387438	0	4	3	7	12007.6	1,6,4,8,5,2
26526739	0	3	4	2	17754.6	1,6,4,5
26594434	0	3	3	9	8674.2	1,6,4,5,2
26779060	1	4	-1	10	9271	1,6,4,8,5,2
26780080	0	4	-1	9	6585.1	1,6,4,5
26781580	0	4	5	-1	8635.8	1,8,5,2
26900994	0	4	-1	9	8826.6	1,6,4,5,2
27033760	0	5	-1	2	10718	1,6,4,5,2
27093665	0	4	-1	4	11753.8	1,4,8,5,2
27645873	0	3	-1	9	11273.9	1,6,4,8,5,2
27729031	1	7	-1	7	9295.2	1,4,2
27747778	0	5	-1	9	9957.6	1,6,4,2
30495777	1	4	-1	5	7278.3	1,8,5,2
30763330	0	4	-1	9	7159.1	1,6,4,8,5,2
30801439	0	4	-1	9	6866.3	1,6,4,5,2
30856671	0	4	-1	7	9467.5	1,4,5,2
31182581	1	4	-1	7	7766	1,4,5,2
31402198	0	5	-1	9	8213.9	1,6,4,5,2
31412583	0	5	-1	8	7887.9	1,6,5,2
31501145	1	5	-1	9	10221.1	1,4,8,5,2
31569006	0	4	-1	-1	10782.5	1,6,4,2
31576709	0	5	-1	-1	8025.4	1,6,4,8,5,2
31795884	1	4	-1	8	8230.8	1,6,4,8,5
31897962	1	3	-1	7	14840.1	1,6,4,5,2,10
32103603	1	4	-1	9	10518.5	1,4,5
32359857	0	4	-1	7	10905.8	1,4
32859833	0	4	-1	9	8541	1,6,4,2
32923313	0	3	-1	8	8919.8	1,6,4,5,2
32995518	0	3	-1	9	12997.4	1,6,4,5,2
33071000	1	6	-1	10	9346.2	1,4,5
33545592	0	5	-1	4	9450.1	1,4,8,5,2,10
33568130	0	4	-1	9	11225.9	1,4,5
33663267	0	4	-1	9	8582.6	1,6,4,8,5,2
33797902	1	4	-1	1	14291.7	1,6,4,2,10
33963747	1	3	-1	9	10587.7	1,6,4,5,2
34037194	0	4	-1	2	8233.7	1,4,8,5,2
34204050	0	3	-1	9	6907.7	1,6,4,5,2
34452609	0	6	-1	-1	11035.7	1,6,4,5,2
34472237	0	3	-1	10	7557.5	1,6,4,5,2
34598757	0	3	3	9	8077.9	1,6,4,8,5,2
34917439	1	9	-1	-1	12189	-1
35043599	0	4	-1	10	6989.7	1,6,4,8,5,2
35075628	0	9	-1	-1	3556.5	1,4,2
35115360	0	4	-1	4	5363	1,6,4,8,5
35138767	0	3	-1	7	14230.7	1,4,8,2
35139983	0	4	-1	9	8356.7	1,4,5,2
35405713	0	4	-1	-1	8387.8	1,6,4,5,2
35675715	0	6	-1	9	9070.9	1,6,4,5,2
35699396	0	4	-1	9	7642.3	1,6,4,8,5,2
35714407	0	5	-1	9	11732.6	1,6,4,5,2,10
35844652	0	4	-1	9	7270.2	1,6,4,5,2
35852643	0	4	-1	9	7458.2	1,6,4,5
37027422	0	5	-1	9	9819	1,6,4,5,2
37063553	0	3	-1	10	6242.3	1,6,4,8,5,2
37111093	0	4	-1	2	9546.4	1,4,5,2
37164967	0	4	-1	9	7794.2	1,6,4,5,2,10
37177085	0	4	-1	-1	12161.9	1,6,4,5
37237879	0	4	-1	8	10111.6	1,6,4,5,2,10
37393960	0	4	-1	10	7586.8	-1
37467013	1	4	-1	9	8516.6	1,6,4,5,2
37489500	0	3	3	9	10710.4	1,6,4,5,2
37491704	1	4	-1	8	9288.2	1,4,8,5,2
37563220	1	4	-1	9	8944.6	1,6,4,8,5,2
37782599	1	4	-1	5	7053.2	1,6,4,5,2
37953694	0	4	-1	7	12204.5	1,4,5,2
37958829	0	4	-1	9	7513.3	1,6,4,5,2
38173726	1	5	-1	8	9657.1	1,4,5,2
38205732	1	4	-1	9	14287.4	1,6,4,8,5,2
38453223	1	4	-1	9	13276.3	1,4
38461676	0	4	-1	-1	9291.9	1,6,4,8,5,2
38638589	0	4	-1	-1	8368.7	1,6,4,5,2
38882322	0	4	-1	9	9480.5	1,6,4
39524731	0	6	-1	4	8942.4	1,6,4,8,5,2
39741215	1	4	3	10	10079.7	1,4,2
39774340	0	9	-1	2	8613.8	1,6,4,2
39798372	0	3	-1	9	7814.4	1,4,2,10
39928460	1	4	-1	9	13951.4	1,6,4,5,2
39973285	1	5	-1	9	10153.7	1,6,4,5,2
40312212	0	5	-1	10	9049.9	1,4,5,2
40345273	1	5	-1	8	9554.3	1,8,5,2,10
40446444	0	5	-1	2	7558.4	1,6,4,5,2
40676232	1	4	-1	9	13162.1	1,4,2
41152149	0	4	-1	10	7457.8	1,6,4,5,2
41158463	0	4	-1	10	9650	-1
41207213	0	4	-1	3	8671.3	1,4,2
41222754	0	7	-1	8	9695.7	1,5
41245132	0	4	-1	3	11565.2	1,6,4,8,5,2
41313374	0	3	-1	8	6483.7	1,6,4,5,2
41467903	1	3	-1	3	10515.3	1,6,4,5,2
41670684	1	4	-1	9	8812.7	1,4,5,2
41774864	1	4	-1	9	14837.6	1,6,4,8,5,2
41938550	0	4	-1	3	5489.6	1,6,4,2
41953298	1	5	-1	9	10625.5	1,6,4,8,5,2
41982813	0	4	-1	9	8549.3	1,6,4,5,2
42293229	1	4	-1	9	8287.9	1,4,2
42821378	0	4	-1	10	7598	1,4,5
42936301	0	4	-1	9	8222.4	1,4,8,5,2
43015063	0	4	-1	9	7874	1,6,4,5
43674625	0	5	-1	7	9287.5	1,6,4,8,5,2
43766626	0	5	-1	9	8837.1	1,6,4,8,5,2
44147199	0	4	-1	9	10494.8	1,6,4,8,5,2,10
44793896	0	4	4	9	19892.3	1,6,4,5,2
44899805	0	4	-1	9	8274.2	1,6,5
45089431	1	4	-1	7	10265.3	1,4,8,5,2
45148989	1	4	-1	9	12771.5	1,6,4,8,5,2,10
45494892	0	4	-1	9	9252.8	1,4,2
45670191	0	4	-1	9	10230.5	1,4,5,10
46109504	1	5	-1	9	8475.2	1,6,4,8,5,2,10
46327924	1	4	-1	9	7875.8	1,8,5,2
46347706	0	4	-1	2	9198.2	1,6,4,5,2
46619894	1	8	-1	-1	8525.9	1,6,4,8,5,2
46774966	0	4	-1	9	9994.8	1,6,4,8,10
46784380	0	4	-1	9	11822.2	1,4,2
46803707	0	4	-1	9	5420.2	1,6,4,8,5
46924470	0	6	-1	-1	7944.8	1,4,5,2,10
47290113	0	5	-1	6	10877.8	1,6,4,5,2
47491603	0	3	2	5	8846.2	1,8,5,2
47509683	0	3	-1	9	4971.6	1,6,4,5,2
47595289	1	7	-1	4	9679.3	1,6,4,8,5,2,10
47776155	1	4	3	9	9437.1	1,4,8,5,2,10
47926058	0	4	-1	9	8750.6	1,6,4
47931852	0	4	-1	9	8034.3	1,6,4,8,5,10
48145842	0	3	-1	9	7638.8	1,6,4,8,5,2
48264472	0	3	-1	10	8752.9	1,6,4,8,5,2
48388347	0	4	-1	8	8887.2	1,6,4,5,2
48423165	1	4	-1	9	10221.2	1,4,5,2
48686073	1	3	-1	9	6488.4	1,4,2
49034337	0	4	-1	8	11727.1	1,6,4,5,2
49036324	0	4	-1	10	9926.1	1,4,5,2
49046285	1	3	-1	9	8239.1	1,6,4,8,5,2
49133900	0	4	4	10	10388.1	1,6,4,5,2
49223040	0	4	-1	3	9845.7	1,6,4,5,2
49286062	0	4	-1	9	8797.7	1,4,2
49374233	0	5	-1	-1	9009.1	1,4,8,5,2
49715760	0	4	-1	9	10291.7	1,6,4,5,2
49782280	0	5	-1	2	11241.6	1,6,4,2
50156866	0	4	-1	7	8356.6	1,6,4,5,2
50571201	0	4	-1	10	11522.2	1,6,4,2
50947010	0	4	-1	7	6941.6	1,4,8,5,2
50983392	0	5	-1	9	8322.6	1,4,8,5,2
51250169	0	4	-1	-1	8634.1	1,6,4,5,2
51310835	0	3	-1	8	9070.8	1,6,4,5
51348607	0	2	-1	9	5716.2	1,4,5
51418723	1	5	-1	10	9853.3	1,4,2
51584627	1	3	-1	9	7153.8	1,6,4,8,5,2
51616342	1	5	-1	10	9055.5	1,4,5,2
51695783	1	4	-1	9	9223.2	1,6,4,5,2
51702430	0	3	-1	9	10583	1,6,4,5,2
51772479	0	5	-1	5	6244.1	1,6,4,2,10
51774896	0	3	-1	9	7427.3	1,6,4,5,2
51859802	1	5	-1	9	8546.3	1,4,8,5,2
51997910	0	4	-1	9	11661.7	1,6,4,5,2
52106699	1	7	-1	10	7999.6	1,4,5,2
52116800	0	3	3	9	8023.2	1,6,4,5,2,10
52213618	1	3	-1	9	7758.1	1,6,4,5,2
52450360	1	4	-1	9	9652.2	1,4,8,5,2
52542642	0	5	-1	9	7230.7	1,4,5,2
52744267	0	4	4	9	13836.6	1,6,4,5,2
52744649	0	3	-1	9	6310.2	1,6,4,5
52765319	0	4	-1	2	13849.6	1,6,4,5,2
53020043	0	4	-1	8	12449.2	1,6,4,5,2
53054351	0	5	-1	9	11717.4	1,6,4,8,5
53058869	0	5	-1	9	7829.9	1,4,8,5,2
53083066	1	4	-1	9	10179.8	1,4,8,5,2
53114703	0	4	-1	3	16211.1	1,6,4,8,5,2
53343221	1	4	-1	9	10085.7	1,6,4,5,2
53426978	0	3	4	3	9089.6	1,6,4,2
53522577	0	5	-1	9	11595.9	1,4,2
53747576	0	4	-1	9	8013.1	1,6,4,5,2
53831663	0	5	-1	2	10499.6	1,6,4,5,2
54517134	0	5	-1	9	9640.4	1,4
54545464	1	3	-1	9	6151	7,8,5,2
54585403	0	6	-1	8	11493.1	1,2
54757376	0	4	-1	9	11198.3	1,6,4,8,5,2
54878399	0	6	-1	7	7104.1	1,4,8,5,2
55026092	0	4	-1	9	8404.9	1,6,4,5,2
55128067	0	4	-1	9	8786.3	1,4
55263826	0	3	3	9	9262.8	1,6,4,8,5,2
55312836	1	4	-1	2	8332.3	1,6,4,5,2
55432858	0	4	-1	9	7224.6	1,6,4,8,5,2
55452510	0	3	-1	9	6952.5	1,6,4,8,5,10
55586112	1	5	-1	9	8182.6	1,8,5,2
55953026	0	5	-1	10	14541.6	1,6,4,5,2
56164652	1	3	-1	9	7496.9	1,6,4,8,5,2
56244190	1	3	-1	9	8676.3	1,6,4,5
56679400	0	4	-1	-1	11532.5	1,4,2
56812671	0	3	3	2	8025	1,6,8,5,2
56851273	0	4	-1	9	7993.3	1,4,5,2
56919489	0	4	-1	9	9410	1,6,4,8,5,2,10
56945932	1	4	-1	8	7881.5	1,4,8,5,2
57106903	0	5	-1	-1	8553.3	1,6,4,5,2,10
57141536	0	3	-1	9	8388.5	1,6,4,5,2
57445957	1	4	-1	9	4632.8	1,4,2
57548417	0	4	-1	9	9946.1	1,6,4,5,2
57561251	0	4	-1	9	13439.2	1,4,5,2
57564524	0	5	-1	9	8194.5	1,6,4,5,10
57695898	0	4	-1	10	12287	1,6,4,5,2,10
57755345	1	3	-1	10	6780.8	1,4,5,2
57790316	1	3	-1	9	9446.2	1,6,4,2
57821374	0	5	-1	9	9362.6	1,6,4,5,2
57959701	0	4	-1	8	8970	1,6,4,5
58226295	1	3	-1	-1	8834.5	1,4,8,5,2
58398984	0	4	-1	9	11106	1,6,4,5,2,10
58415609	0	6	-1	9	11084	1,6,4,8,2,10
58485035	0	4	-1	9	7025.5	1,6,4,5,2
58552010	0	3	3	8	10554.9	1,6,4,8,5,2
58558924	0	4	-1	7	15371.4	1,6,4,5,2
58957486	0	4	-1	9	10800.2	1,6,4,5,2
58988898	0	4	-1	9	7527.4	1,6,4,5,2
59041762	0	4	-1	9	8069.9	1,6,4,8,5,10
59090107	0	5	-1	9	7931.6	1,6,4,8,2
59295263	0	3	4	4	8808.1	1,6,4,8,5
59463547	0	5	-1	9	10047.5	1,6,4,5,2
59593045	0	4	3	8	10773.2	1,6,4,5,2
59606574	1	3	3	7	10755.5	1,4,2
59627449	1	4	-1	10	12976	1,6,4,5,2
59783266	0	3	4	9	11840.2	1,6,4,8,5,2
59869001	0	4	-1	9	9543.9	1,6,4,5,2
60099864	1	3	3	10	9746.4	1,5,2
60118214	0	4	-1	9	8207.4	1,6,4,8,5,2
60212707	0	3	-1	9	9966.2	1,6,4,8,5,2
60289808	0	6	-1	7	5748	1,4
60404461	0	3	-1	3	10197.2	1,6,4,8,2
60450568	0	4	-1	8	8267.5	1,6,4,8,5,2
60553432	0	3	3	9	8603.2	1,6,4,5,2
60646701	0	4	-1	9	8013.1	1,6,4,5,2
60737065	1	3	-1	9	8545.7	1,4,8,5,2
60756023	1	4	-1	9	9862.4	1,6,4,5,2
60890048	0	4	-1	9	10088.2	1,6,4,5,2
61015566	0	4	-1	9	12485.8	1,6,4,5,2
61124881	0	4	-1	9	6413.2	1,4,2
61145569	0	3	3	2	8994.7	1,6,4,5,2
61385971	1	5	-1	9	11199	1,6,4,5,2
61405772	0	3	3	9	16680.6	1,6,4,8,5,2
61690381	1	4	3	8	10997.5	1,6,4,8,5,2
61932138	0	3	3	9	8723.8	1,6,4,2
61972712	0	3	4	9	10382.4	1,6,4,5,2
62039838	0	5	-1	3	15936.7	1,6,4,8,5,2
62091788	1	4	-1	9	9727.1	1,6,4,5,2
62223606	1	5	-1	9	7764.7	1,5,2
62226317	1	4	-1	2	9296.8	1,6,4,5,2
62226564	0	1	2	9	3588.8	7,2
62257204	0	5	-1	-1	7595	1,4
62260955	0	4	-1	10	7452.2	1,6,4,2
62574793	1	3	2	9	9228.4	7,2
62652025	0	3	-1	-1	6366.2	1,6,4,8,5,2
62657969	1	4	-1	9	7954.5	1,6,4,5,2
62802754	0	3	-1	9	6747.1	1,6,4,5,2
62974029	1	6	-1	9	11469.2	1,6,4,8,5,2
63254365	0	4	-1	7	5527.9	1,4,5,2
63297008	0	4	-1	6	8017.2	1,4,5,2
63388633	0	4	-1	9	11621.8	1,4,2
63400236	1	5	-1	9	6896.3	1,6,4,8,5,10
63770797	1	4	-1	9	9075.8	1,6,4,5,2
63771663	0	3	-1	2	6924.9	1,6,4,8,5,2
63849927	0	4	-1	9	7963.4	1,6,4,5,2
63869636	0	3	-1	9	7439.5	1,6,4,5,2
63993896	0	3	-1	7	10538.5	1,6,4,5,2
64048278	0	3	-1	7	6458.5	1,6,4,8,5,2
64240815	1	4	-1	5	8155	1,6,4,5,2
64493195	0	4	-1	9	8395.5	1,6,4,5,2
64571183	0	3	-1	4	7201.6	1,6,4,2
64773330	0	4	-1	2	10793	1,6,4
64809803	1	4	-1	9	8361.3	1,4,8,5,2
64834861	0	4	-1	2	8720.9	1,4,5,2
64950522	0	4	-1	9	8680.3	1,4,2
65127382	0	4	-1	2	11437.5	1,6,4,5,2
65167679	1	3	3	8	7484.7	1,6,4,8,5,2
65398945	1	4	-1	7	7279.6	1,6,4,2
65570490	0	3	3	-1	7583.5	1,6,4,5,10
65631758	1	5	-1	9	7612.4	1,6,4,8,5,10
65724194	0	3	-1	9	4494	1,6,4,2
65763765	0	5	-1	2	7430.7	-1
65822361	0	3	3	4	11601	1,6,4,5,2
66150456	0	3	-1	10	6936	1,6,4,8,5,2
66233006	0	4	-1	9	13996.8	1,6,4,2
66521937	0	3	-1	-1	6784.8	1,4,8
66551080	0	3	-1	8	6508.2	1,4,5,2
66564264	1	6	-1	9	7276.3	1,4
66614179	0	3	4	3	10678.5	1,6,4,8,5,2,10
66626627	0	3	4	10	11571	1,6,4,2
66809850	0	4	-1	9	9166.8	1,6,4,8,5,2
66884945	1	4	-1	9	7075.7	1,6,4,8,2,10
66906829	0	4	-1	2	8823.2	1,6,4,8,5,2,10
66992072	0	2	3	9	8956.2	1,6,4,8,5
67431504	0	3	3	9	8409.5	1,6,4,5
67594017	0	3	3	8	9122.2	1,6,4,5,2
67606106	0	2	3	9	9045.3	1,6,4,5
67614171	0	5	-1	9	11800.6	1,4,5,2
67641502	0	3	-1	2	7596	1,6,4,5,2
67653555	0	4	-1	2	7924.2	1,6,4,5,2,10
67654479	0	4	-1	9	8124.2	1,6,4,2
67751173	0	5	-1	9	9536.3	1,6,4,8,5,2
67810175	0	3	-1	9	11644.2	1,6,4,5,2
68202830	0	4	-1	8	10127.5	1,6,4,5,2
68492559	0	4	-1	9	10267.6	1,6,4,8,5,2
68649581	0	4	-1	9	7447	1,6,4,5
68830518	0	4	-1	2	6561.5	1,4,5,2
68856643	0	3	3	3	8278.1	1,6,4,5,2
68935539	1	4	-1	-1	3659.2	1,4,2
69090587	0	5	-1	10	7436.8	1,6,4,5,2,10
69127611	0	3	3	7	12087.5	1,6,4,5,2
69244385	0	4	-1	9	9067.4	1,6,4,5,2
69272103	0	4	-1	10	9373	1,6,4,5,2
69416496	0	4	-1	-1	6372.9	1,6,4,5,2
69611194	0	3	3	7	13745.8	1,6,4,5,2
69765233	0	4	-1	9	8785.3	1,6,4,8,5,2
70167215	0	5	-1	10	10148.7	1,6,4,2
70309588	0	3	-1	7	9174.1	1,6,4,5,2
70596013	0	4	-1	9	7676.2	1,6,4,5,2
70625210	0	4	-1	3	8264.2	1,6,4,5
70667355	0	3	-1	8	5351.1	1,6,4,8,5,2,10
70961341	0	3	-1	-1	7435.1	1,4,5,2
71011138	0	3	-1	-1	7316	3,2
71097926	0	5	-1	9	8211	1,6,4,8,2
71113672	1	4	-1	2	14292.5	1,6,4,5,2
71286891	0	5	-1	9	6943.8	1,4,2
71318422	0	4	-1	9	8818.7	1,4,5,2
71399986	0	3	3	9	12235.5	1,6,4,8,5,2
71541073	0	3	2	8	6470.2	1,6,4,8,5,2,10
71579777	0	3	-1	9	7706.3	1,6,4,5,2,10
71598022	0	4	-1	3	11054.9	1,6,4,8,5,2
71675920	0	4	-1	-1	8647.9	1,4,5
71893948	0	3	3	9	9824.8	1,6,4,8,5
71998238	0	4	-1	10	6433.7	1,6,4,8,2
72096119	1	3	-1	9	7818.4	1,6,4,5,2
72254428	0	2	3	-1	9125.6	1,6,4,5,2
72639120	0	5	-1	8	8273.5	1,4,8,5,2
72720223	1	7	-1	7	10114.2	1,4,8,5
72977751	0	4	-1	9	7503	1,6,4,8,5,2
73046928	1	4	-1	10	7614.1	1,6,4,8,5,2
73217065	0	4	-1	2	9348.3	1,4,8,5,2
73375580	0	3	-1	8	7349.7	1,6,4,5,2
73474265	1	3	-1	10	8000.1	1,6,4,8,5,2
73494833	0	4	-1	9	13856.3	1,4,5
73545564	0	4	-1	9	9882	1,4,5
73546304	0	4	-1	9	10535	1,6,4,2
73552280	0	5	-1	8	9763.8	1,2
73676312	0	3	-1	9	8020.5	1,6,4,2
73696954	0	3	-1	5	7262.7	1,6,4,5,2
73749394	0	4	-1	9	9672.3	1,4,8,5,2
73766371	0	3	3	10	9620.6	1,4,5,2
73776547	0	4	-1	9	11374.8	1,4,5,2
74104497	0	4	-1	2	9691.8	1,6,4,5,2
74725040	1	4	-1	9	9178.7	1,6,4,5,2,10
75221494	0	4	-1	-1	7104.3	1,6,4
75365025	0	5	-1	9	7286.7	1,4,5,2
75421399	0	4	-1	9	6399.2	1,4,2
75425041	1	5	-1	9	11087.7	1,6,4,8,5,2
75596230	0	7	-1	9	9026.8	1,4,5
75820156	0	4	-1	9	11451.7	1,6,4,5,2
75937919	1	2	-1	9	5774.7	1,6,4,2
76161994	0	5	-1	9	11950.4	1,4,2
76242662	1	3	4	8	8111.5	1,4,8,5,2
76391139	0	5	-1	2	8369.3	1,5,2
76423904	0	5	-1	9	10642.3	1,2
76530615	0	4	-1	3	5893.1	1,4,8,5,2
76611429	0	3	-1	5	7201.2	1,4,5,2
76735960	0	3	4	-1	9298.3	7,6,4,5
76845219	0	5	-1	9	8216.6	1,6,4,5,2
77120671	0	5	-1	-1	8325.1	1,4,5,2
77366756	0	3	-1	-1	7984.3	1,6,4,5
77565457	0	3	-1	9	8209.8	1,6,4,8,5,2
77565849	0	4	-1	10	9022.3	1,4,5,2
77596369	1	4	-1	9	7989.8	1,6,4,5,2,10
77742130	1	4	-1	9	10133.8	1,5,2
77797004	0	5	-1	9	8366.5	1,4,5,2
77954267	0	3	3	9	11787.3	1,6,4,5,2
78100531	0	5	-1	-1	8868.4	1,6,4,2
78241316	0	4	-1	10	11170.4	1,4,5
78264766	1	5	-1	9	6925.6	1,5
78424674	1	4	-1	9	10017.2	1,6,4,5,2
78459891	0	5	-1	7	6569.9	1,4,5,2
78691644	1	3	3	2	10477.7	1,6,4,5,2
78955874	0	5	-1	9	7434.7	1,4,8,5,2
79227603	-1	-1	-1	-1	-1	-1
79753462	0	3	-1	8	7304.5	1,4,5,2
79757446	0	3	3	9	7401.3	1,6,4,5,2
80101574	0	4	-1	2	9140.3	1,6,4,8,5,2
80138261	0	3	-1	2	8518.9	1,6,4,8,5,2
80208720	0	5	-1	-1	5856.2	1,6,4
80301863	0	5	-1	9	7850.7	1,4,5
80340130	0	2	-1	5	7023.5	1,6,4,2
80621319	1	3	-1	9	6571.5	1,4,8,5,2
80963408	1	5	-1	-1	8607.2	1,8,5,2
81100674	0	5	-1	8	13643	1,4,8,5,2,10
81455441	0	5	-1	8	8537.9	1,8,5,2
81783998	1	4	-1	9	7815.6	1,6,4,5
81863464	0	3	-1	3	12754.8	1,4,5
81873878	1	4	-1	9	8922.8	1,6,4,8,5,2
82289076	0	2	-1	2	7453.8	1,6,4,5,2
82692797	0	4	-1	8	8553.1	1,6,4,8,5,2
82725927	0	3	4	9	8492.8	1,6,4,5,2
82791462	0	4	-1	9	8721.5	1,6,4,5,2
82846130	0	3	-1	7	10224.1	1,6,4,2
83565166	1	4	-1	9	12280.7	1,6,4,5,2
83676686	0	4	-1	2	11018.5	1,6,4,5,2
83873295	1	3	-1	2	9504.4	1,4,8,5,2,10
83955812	0	2	-1	8	5524.1	1,6,4,5,2
84244821	0	3	-1	10	10929.3	1,6,4,2
84329736	0	4	-1	3	6391.9	1,6,4,2
84382814	0	4	-1	8	8095.9	1,6,4,5,2
84554148	0	4	-1	9	10413.7	1,6,4,2
84565105	1	4	-1	9	5372.1	1,6,4,2
84592007	0	4	-1	9	8661.9	1,6,4,8,5,2
84657481	0	4	-1	4	5700.8	1,6,4,8,5
85082656	0	3	3	9	6853.7	1,6,4,5,2
85109295	0	6	-1	7	9101.9	1,4,8,5,2,10
85143718	0	4	-1	-1	9428.3	1,4,8,5,2
85459543	0	4	-1	2	10323.6	1,6,4,5
85559587	0	3	-1	2	8060.8	1,6,4,8,5,2
85715645	1	3	-1	9	10390.9	1,6,4,5,2
85896879	1	5	-1	2	9747.6	1,4,5,2,10
86055922	0	3	2	10	6939.6	1,4,5,2
86139491	0	5	-1	9	8789.3	1,4,5,2
86208434	1	5	-1	8	8372.2	1,4,5,2
86333817	1	2	-1	9	6909.8	1,6,4,8,5,2,10
86524290	1	5	-1	10	8514.6	1,4,8
86599225	0	4	-1	-1	8060.6	1,6,4,5
86769591	1	3	3	9	8878.8	1,4,8,5,2
86807227	0	3	3	4	10017.6	1,6,4,2
86887269	0	3	-1	9	7746.8	1,6,4,5,2
86965091	0	4	-1	7	10151.5	1,6,4,5,2,10
87024441	0	3	3	2	7550.6	1,6,4,8,5,2
87075964	0	3	-1	10	11019.7	1,4,8,5,2
87080023	0	6	-1	9	8301.6	1,5,2
87102916	0	4	-1	10	6545.9	1,6,4,8,5,2
87287343	-1	-1	-1	-1	-1	-1
87526397	0	4	-1	9	7622.8	1,6,4,5,2
87616286	1	4	-1	9	9357.5	1,6,4,2
87655065	0	3	4	2	9205.6	1,4
87718034	0	3	-1	8	7592.9	1,6,4,5,2
87779901	1	3	3	2	11528.8	1,6,4,8,5,2
87852440	0	4	-1	8	10563.8	1,6,4,5,2
87940519	0	3	-1	9	8137.9	1,6,4,5,2
87963053	0	4	-1	7	8903.9	1,6,4,8,5,2
88086794	0	4	-1	9	6170.9	1,6,4,5,2
88376484	0	4	-1	5	8720.2	1,6,4,2
88407288	1	3	-1	-1	7819.3	1,4,8,5,2
88438461	0	4	-1	9	10482.1	1,6,4,5
88517175	0	4	-1	9	6675.3	1,6,4,5,2
88755728	1	6	-1	10	8486.2	1,4,5,2
88765231	1	3	-1	-1	6384.4	1,6,4,5,2
88826604	0	4	-1	2	7938.4	1,6,4,2
88885173	0	3	3	9	10380.9	1,6,4,5
89393096	1	5	-1	2	9791.3	1,6,4,5,2
89420069	1	5	-1	2	10762.9	1,4,2
89664490	0	3	-1	-1	7875.7	1,6,4,2
89904590	1	3	-1	9	5429.5	1,6,4,5,2,10
89991936	1	4	-1	9	11223.8	1,6,4,5,2
90283117	0	4	-1	7	9367.1	1,6,4,2
90430632	1	6	-1	8	11746.2	1,5,2
90645673	0	3	3	8	7970.9	1,6,4,8,5,2
90769132	0	3	-1	9	7422.8	1,6,4,5
90941433	0	3	-1	10	10272.9	1,6,4,5,2
91005071	0	2	4	10	8033.4	1,6,4
91045738	0	5	-1	2	10028.7	1,4,8,5,2
91114184	0	3	-1	9	8798.6	1,6,4,5,2
91261757	1	3	3	7	10959.8	1,4,8,5,2
91429430	0	4	-1	7	11796.8	1,4,8,5,2
91493997	1	4	-1	8	16158.9	1,6,4,8,5,2
91542265	0	4	-1	2	10869.8	1,4,5,2
91868028	1	3	-1	10	7853.6	1,6,4,8,5,2
91980488	0	4	-1	10	8868.4	1,6,4,5,2
92036822	0	5	-1	-1	8352.4	1,6,4,8,5,2
92411560	0	4	-1	1	8374.1	1,4,5,2
92655370	0	4	-1	8	11855.4	1,4,8,5,2
92669264	0	3	3	9	8350.5	1,6,4,5,2
92792733	0	5	-1	7	9938.1	1,4,8,5,2
93574737	1	5	-1	10	14399.2	1,4,5,2
93837731	0	5	-1	9	8994.3	1,6,4,5,2
94280184	0	5	-1	5	8396.4	1,6,4,5,2
94706330	0	5	-1	2	12708.2	1,4,8,2
94864039	0	3	-1	9	5464.5	1,6,4,5,2
94893282	0	4	-1	-1	6999	1,6,4,8,5
95308592	0	4	-1	9	11622.7	1,4,5
95513964	0	4	-1	7	8204	1,6,4,8,5
95807842	0	4	-1	8	7790.4	1,4,2
95808401	0	6	-1	2	13787.1	1,4,5
96021238	0	3	-1	9	7902.9	1,6,4,5,2
96109831	0	5	-1	7	8292.1	1,4,5,2
96451215	0	3	-1	9	8408.8	1,6,4,5,10
97070568	0	3	-1	7	8424.4	1,4,2
97072182	1	2	-1	9	10277.3	1,6,4,8,5,2
97074291	0	3	-1	3	8646.4	1,4,5,2
97305734	0	3	-1	3	12522.7	1,6,4,5
97695498	0	3	-1	9	7749	1,6,4,5,2
97869597	1	6	-1	-1	7439.7	1,5,2
98338825	0	4	-1	9	9469.7	1,4,2,10
98493858	0	5	-1	2	8766.2	1,4,8,5,2
98614230	1	3	-1	9	8581.2	1,6,4,2
98771228	0	2	3	9	7932.8	1,4,8,5,2,10
99011528	0	6	-1	9	8553.9	1,8,5,2
99812481	0	3	-1	-1	5739.6	1,6,4,8,5,2
99829334	0	4	-1	2	7979.9	1,4,5,2
100141338	0	4	-1	8	10469.5	1,6,4,8,5,2
101211783	0	4	-1	9	10705.1	1,5,2
101275240	0	3	-1	9	7124.1	1,6,4,5,2
101859778	0	4	-1	8	8198.7	1,6,4,2
102059247	0	4	-1	9	8694.6	1,6,4,8,5,2,10
102475835	0	4	-1	3	6862	1,4,2
102679521	0	4	-1	9	9622.6	1,6,4,8,5
103046192	0	4	-1	9	6977.1	1,6,4,5,2
103059531	0	5	-1	9	9428.8	1,6,4,5,2
103461558	1	3	-1	8	9457.9	1,4,8,5,2
104025107	0	2	3	2	6734.4	1,6,4,8,5,2
104088963	0	3	3	9	7750.2	1,6,4,5,2
104112348	0	3	-1	-1	5970.1	1,6,4,5,2
104331867	0	4	-1	10	9659.3	1,6,4,5,2
104655779	0	3	2	9	7431.3	1,6,4,5,2
104719878	0	4	-1	9	6605.4	1,6,4
104942556	0	4	-1	2	8936.6	1,6,4,2
105019299	0	4	4	2	12224.7	1,6,4,5,2
105036382	1	3	3	10	11744.2	1,6,4,5,2
105143452	0	4	-1	8	8244.3	1,6,4,8,5,2
105634449	0	4	-1	10	9008.9	1,6,4,5,2
105779775	0	4	-1	10	8731.6	1,4,8,5,2
105919844	1	5	-1	5	8661.9	1,6,4,8,5,2
105972182	0	2	-1	-1	7450.8	9,6,8,5,10
106006539	0	3	-1	9	6803.3	1,6,4,8,5,2
106010575	0	3	-1	10	6685.6	1,6,4,5,2
106028045	0	4	-1	9	7299.3	1,6,4,5,2
106065786	0	4	-1	9	5895.7	1,4
106442179	1	9	-1	9	8758.9	1,6,4,5,2
106626682	0	2	-1	9	6693.3	1,4,8
106673505	0	4	-1	9	8797	1,6,4,8,5,2
106970708	0	4	-1	9	8811.3	1,6,4,5,2
107100229	0	4	-1	7	5619.8	1,6,5,2
107205211	0	5	-1	9	10149	1,4,2
107726118	0	3	3	9	7668	1,6,4,5
107870494	0	4	-1	7	10094.1	1,6,4,8,5,2
107956024	1	4	-1	-1	8623.3	1,4,2
107956113	0	3	-1	7	10417.6	1,6,4,5
108327237	0	3	2	9	6822.2	1,6,4,5,2
108796011	0	4	-1	9	9644.9	1,4,2
108803178	0	6	-1	4	9112	1,6,4,5,2,10
109231655	0	4	-1	7	7676.3	1,6,4,5,2
109300461	0	3	-1	-1	7933.9	1,6,4,5,2
109315263	1	3	3	7	9237.1	1,6,4,5
109402392	1	5	-1	10	9443	1,4
109719760	0	4	-1	5	8942	1,4,5,2,10
110021794	0	3	4	8	7320.5	1,6,4,8,5
110707097	0	5	-1	-1	7051.9	1,5,2
110835337	1	4	-1	9	6961.6	1,6,4,8,5,2
111179373	1	4	-1	5	7078.4	1,4,8,5,2
111268361	0	4	-1	3	12583.4	1,6,4
112115446	0	4	-1	9	8227.4	1,6,4,8,5,2
112369451	0	3	3	2	10016.1	1,6,4,2
112522553	0	5	-1	2	10499.6	1,4,5,2
112576166	0	3	-1	9	7904.7	1,6,4,2,10
112797396	0	3	2	10	7390.8	1,6,4,2
113163412	0	2	-1	-1	4570.9	1,6,4,5,2
113385283	0	4	-1	9	5970.6	1,6,4,5,2
113439747	1	7	-1	2	8158.6	1,2
113692133	1	4	-1	8	7647	1,4,2
114181527	0	4	-1	7	9182.5	1,6,4,5,2
114292942	0	3	-1	9	7405	1,6,4,5,2
114361436	0	2	2	9	5030.4	1,6,4,5,2
114698488	0	3	-1	9	10980.9	1,6,4,5,2
114788170	1	7	-1	10	9043.1	1,6,4,5,2
115033639	0	2	-1	7	6744.3	1,6,4,8,5,2
115522431	0	4	-1	9	8243.8	1,6,4,5,2
115774421	0	4	-1	-1	7786.1	1,4,5,2
116072460	0	3	2	9	11701.2	1,6,4,8,5,2
116092011	0	4	-1	9	7015.9	1,6,4,5,2
116233175	1	3	-1	9	8402.5	1,6,8,5,2
116349037	0	3	-1	9	6719.9	1,6,4,5
117217097	0	2	3	9	8075.3	1,6,4,8,5,2
117267936	0	2	-1	3	9536	1,6,4,8,5,2
117549792	0	2	4	9	5887.2	7
117552516	0	4	-1	9	6389.1	1,4,5,2
118137959	0	3	-1	5	6710.5	1,6,4,8,5,2
118207892	0	3	-1	10	7691.1	1,4,5,2
118253283	0	3	-1	10	8325.7	1,6,4,2
118268949	0	4	-1	2	11825.6	1,6,4,2
118367379	0	3	-1	10	6483.2	1,6,4,8,2
118454117	0	1	3	-1	6265.4	1
118862122	0	3	3	2	10018.6	1,6,4,8,5,2
119039743	1	4	-1	4	8998.2	1,4,8,5,2
119205689	0	3	-1	9	9431.3	1,6,4,5,2
119206833	0	3	-1	9	7887	1,6,4,5,2
119350764	0	3	-1	9	9172.7	1,6,4,8,5,2
119358522	1	4	-1	2	8720.5	7,2
119661783	0	5	-1	7	12692	1,6,4
120287931	0	3	-1	9	7448.9	1,6,4,8,5,2
120346683	0	4	-1	9	12856.3	1,6,4,8,5,2,10
120657565	0	4	-1	2	9768.9	1,6,4,8,5,2
120955999	0	3	-1	7	13250.6	1,6,4,5,2
121099885	0	5	-1	9	7750.5	1,6,4,5
121149094	0	4	-1	9	9655.3	1,6,4,5,2
121249342	0	2	-1	3	6831.6	1,5,2
121309163	0	5	-1	10	8252.7	1,5,2
122199259	0	4	-1	2	6921.3	1,4,5,2
122292410	0	4	-1	9	5951.5	1,6,4,8,5,2
122336458	0	5	-1	2	9900.2	1,4,5,2
122503907	0	5	-1	9	8182.4	1,4,2
122652164	1	2	-1	9	8170	1,6,4,5,2
122927044	0	4	-1	2	12340.8	1,6,4,5,2
123149673	0	3	-1	9	12042	1,6,4,5,2
123711425	1	4	-1	9	8835.9	1,4,8,5
123756727	0	4	-1	10	7128.4	1,6,4,5,2
123884619	0	2	3	2	8841.6	1,6,4,5,2
123892135	0	6	-1	-1	9413.8	9
123912216	0	5	-1	-1	9091.1	1,6,4,5,2
124072034	1	3	-1	9	8570.6	7,2
124474614	0	3	3	8	8888.9	1,6,4,5,2
124931011	0	3	3	9	8168.2	1,6,4
125831961	0	3	-1	10	7611.2	1,4
125893106	1	3	3	2	10283	1,6,4,8,5,2
125976302	0	3	3	9	8355.3	7,6,4,5,2,10
126435026	0	3	-1	9	4957	7
126650828	0	6	-1	8	9039.5	1,5,2
126677002	0	3	3	9	9305.8	1,6,4,2
126850745	0	4	-1	8	7848.4	1,6,4,5,2
126898689	0	4	-1	9	7992.5	1,4,5,2
126938904	1	3	3	9	9485	1,6,4,8,5,2,10
126955231	0	3	-1	10	9176.6	1,6,4,5,2
127074958	0	4	-1	9	13547.2	1,6,4,8,5
127717508	0	4	-1	-1	8376.8	1,4,5,2
128051012	0	3	-1	-1	8145.7	1,6,4,2,10
128419844	1	6	-1	9	10691.5	1,4,8,5,2
128703118	0	5	-1	-1	7814.6	1,6,4,8,5,2
128909657	0	3	-1	3	8555.5	1,6,4,8,5,2
128999690	0	3	-1	9	8541.7	1,5
129972794	0	3	3	3	8498.8	1,6,4,8,5,2
130044164	0	4	-1	9	8233.4	1,6,8,5,2
130608864	1	6	-1	-1	7992.5	1,4,8,5,2
131095981	0	4	-1	-1	6442.7	1,6,4,8,5,2
131207435	1	5	-1	9	14191.7	1,8,2
131372929	0	4	-1	2	9145	1,4,5,2
131667753	0	4	-1	3	11696.1	1,4,5,2
131932719	0	3	3	3	13616.9	1,6,4,5,2
132397574	0	3	2	9	6835	1,6,4,5,2
132977361	1	9	-1	-1	8758.1	1,4
133042806	0	4	-1	9	8122.6	1,4
133142935	0	3	3	2	8756.7	1,6,4,5,2
133173689	0	3	-1	10	7199.1	1,6,4,5,2
133219054	0	4	-1	-1	8321.1	1,6,4,5,2
133335832	0	3	-1	2	9733.9	1,6,4,5,2,10
133468168	0	3	3	8	9376.9	1,6,4,5,2
